62.50000000 1391.00000000
125.00000000 1352.00000000
187.50000000 1299.00000000
250.00000000 1252.00000000
312.50000000 1252.00000000
375.00000000 1124.00000000
437.50000000 1116.00000000
484.37500000 1116.00000000
546.87500000 1084.00000000
609.37500000 1042.00000000
656.25000000 1004.00000000
718.75000000 999.00000000
781.25000000 976.00000000
828.12500000 976.00000000
890.62500000 976.00000000
984.37500000 976.00000000
1031.25000000 976.00000000
1093.75000000 976.00000000
1156.25000000 976.00000000
1218.75000000 976.00000000
1281.25000000 976.00000000
1343.75000000 976.00000000
1406.25000000 976.00000000
1468.75000000 976.00000000
1531.25000000 976.00000000
1578.12500000 969.00000000
1640.62500000 969.00000000
1703.12500000 951.00000000
1765.62500000 951.00000000
1828.12500000 940.00000000
1906.25000000 940.00000000
1953.12500000 940.00000000
2000.00000000 915.00000000
2046.87500000 915.00000000
2109.37500000 877.00000000
2156.25000000 877.00000000
2218.75000000 877.00000000
2265.62500000 877.00000000
2328.12500000 865.00000000
2375.00000000 865.00000000
2437.50000000 865.00000000
2531.25000000 865.00000000
2593.75000000 865.00000000
2656.25000000 865.00000000
2703.12500000 865.00000000
2765.62500000 865.00000000
2828.12500000 865.00000000
2890.62500000 865.00000000
2937.50000000 865.00000000
3000.00000000 865.00000000
3062.50000000 859.00000000
3125.00000000 859.00000000
3171.87500000 843.00000000
3234.37500000 843.00000000
3296.87500000 843.00000000
3359.37500000 843.00000000
3421.87500000 830.00000000
3484.37500000 830.00000000
3531.25000000 830.00000000
3578.12500000 830.00000000
3640.62500000 830.00000000
3703.12500000 830.00000000
3765.62500000 830.00000000
3828.12500000 830.00000000
3875.00000000 830.00000000
3937.50000000 830.00000000
4000.00000000 830.00000000
4062.50000000 830.00000000
4156.25000000 830.00000000
4218.75000000 830.00000000
4265.62500000 830.00000000
4328.12500000 830.00000000
4375.00000000 830.00000000
4437.50000000 824.00000000
4500.00000000 824.00000000
4546.87500000 824.00000000
4609.37500000 824.00000000
4656.25000000 824.00000000
4718.75000000 824.00000000
4781.25000000 824.00000000
4843.75000000 824.00000000
4890.62500000 824.00000000
4953.12500000 824.00000000
5015.62500000 824.00000000
5078.12500000 824.00000000
5125.00000000 824.00000000
5187.50000000 824.00000000
5250.00000000 777.00000000
5312.50000000 777.00000000
5359.37500000 777.00000000
5421.87500000 777.00000000
5484.37500000 777.00000000
5546.87500000 777.00000000
5609.37500000 777.00000000
5656.25000000 777.00000000
5781.25000000 748.00000000
5828.12500000 748.00000000
5890.62500000 748.00000000
5937.50000000 748.00000000
5984.37500000 748.00000000
6031.25000000 725.00000000
6078.12500000 725.00000000
6140.62500000 696.00000000
6203.12500000 696.00000000
6250.00000000 696.00000000
6312.50000000 696.00000000
6359.37500000 696.00000000
6421.87500000 696.00000000
6484.37500000 696.00000000
6546.87500000 696.00000000
6593.75000000 696.00000000
6656.25000000 696.00000000
6703.12500000 696.00000000
6750.00000000 696.00000000
6812.50000000 696.00000000
6859.37500000 696.00000000
6921.87500000 696.00000000
6968.75000000 690.00000000
7015.62500000 690.00000000
7078.12500000 690.00000000
7125.00000000 690.00000000
7187.50000000 690.00000000
7234.37500000 690.00000000
7296.87500000 690.00000000
7359.37500000 690.00000000
7421.87500000 690.00000000
7531.25000000 690.00000000
7593.75000000 690.00000000
7656.25000000 690.00000000
7703.12500000 690.00000000
7765.62500000 690.00000000
7812.50000000 690.00000000
7875.00000000 690.00000000
7921.87500000 690.00000000
7984.37500000 690.00000000
8046.87500000 690.00000000
8093.75000000 690.00000000
8156.25000000 690.00000000
8203.12500000 690.00000000
8265.62500000 690.00000000
8328.12500000 690.00000000
8390.62500000 690.00000000
8453.12500000 690.00000000
8500.00000000 690.00000000
8562.50000000 690.00000000
8609.37500000 690.00000000
8671.87500000 690.00000000
8734.37500000 690.00000000
8781.25000000 690.00000000
8828.12500000 690.00000000
8890.62500000 690.00000000
8937.50000000 690.00000000
9000.00000000 690.00000000
9062.50000000 690.00000000
9109.37500000 690.00000000
9171.87500000 690.00000000
9218.75000000 690.00000000
9359.37500000 690.00000000
9406.25000000 690.00000000
9468.75000000 690.00000000
9515.62500000 690.00000000
9578.12500000 690.00000000
9625.00000000 690.00000000
9687.50000000 679.00000000
9734.37500000 679.00000000
9796.87500000 679.00000000
9843.75000000 679.00000000
9906.25000000 679.00000000
9937.50000000 679.00000000
10000.00000000 679.00000000
10062.50000000 679.00000000
10125.00000000 679.00000000
10187.50000000 667.00000000
10234.37500000 667.00000000
10281.25000000 667.00000000
10343.75000000 667.00000000
10390.62500000 667.00000000
10453.12500000 667.00000000
10500.00000000 667.00000000
10562.50000000 667.00000000
10609.37500000 667.00000000
10671.87500000 667.00000000
10718.75000000 667.00000000
10781.25000000 667.00000000
10843.75000000 667.00000000
10906.25000000 667.00000000
10953.12500000 667.00000000
11015.62500000 667.00000000
11062.50000000 667.00000000
11125.00000000 667.00000000
11171.87500000 667.00000000
11234.37500000 631.00000000
11296.87500000 631.00000000
11359.37500000 631.00000000
11484.37500000 631.00000000
11546.87500000 631.00000000
11593.75000000 631.00000000
11656.25000000 631.00000000
11703.12500000 631.00000000
11750.00000000 631.00000000
11812.50000000 631.00000000
11859.37500000 631.00000000
11906.25000000 631.00000000
11968.75000000 631.00000000
12015.62500000 631.00000000
12062.50000000 631.00000000
12125.00000000 631.00000000
12171.87500000 631.00000000
12234.37500000 631.00000000
12281.25000000 631.00000000
12343.75000000 631.00000000
12406.25000000 631.00000000
12453.12500000 631.00000000
12515.62500000 631.00000000
12578.12500000 631.00000000
12640.62500000 631.00000000
12687.50000000 631.00000000
12750.00000000 631.00000000
12796.87500000 631.00000000
12859.37500000 631.00000000
12921.87500000 631.00000000
12968.75000000 631.00000000
13015.62500000 631.00000000
13078.12500000 631.00000000
13140.62500000 631.00000000
13187.50000000 631.00000000
13250.00000000 631.00000000
13296.87500000 631.00000000
13359.37500000 631.00000000
13406.25000000 631.00000000
13468.75000000 631.00000000
13531.25000000 631.00000000
13578.12500000 631.00000000
13640.62500000 631.00000000
13687.50000000 631.00000000
13750.00000000 631.00000000
13796.87500000 631.00000000
13953.12500000 631.00000000
14015.62500000 631.00000000
14062.50000000 631.00000000
14125.00000000 631.00000000
14171.87500000 631.00000000
14234.37500000 631.00000000
14296.87500000 631.00000000
14343.75000000 631.00000000
14406.25000000 631.00000000
14453.12500000 631.00000000
14515.62500000 631.00000000
14578.12500000 631.00000000
14640.62500000 631.00000000
14687.50000000 631.00000000
14750.00000000 631.00000000
14796.87500000 631.00000000
14859.37500000 631.00000000
14906.25000000 631.00000000
14968.75000000 631.00000000
15015.62500000 631.00000000
15078.12500000 631.00000000
15140.62500000 631.00000000
15187.50000000 631.00000000
15250.00000000 631.00000000
15296.87500000 631.00000000
15359.37500000 631.00000000
15421.87500000 631.00000000
15468.75000000 631.00000000
15531.25000000 631.00000000
15578.12500000 631.00000000
15640.62500000 631.00000000
15687.50000000 631.00000000
15734.37500000 631.00000000
15796.87500000 631.00000000
15843.75000000 631.00000000
15890.62500000 631.00000000
15953.12500000 631.00000000
16015.62500000 631.00000000
16062.50000000 631.00000000
16125.00000000 631.00000000
16171.87500000 631.00000000
16234.37500000 631.00000000
16296.87500000 631.00000000
16343.75000000 631.00000000
16406.25000000 631.00000000
16468.75000000 631.00000000
16515.62500000 631.00000000
16578.12500000 631.00000000
16625.00000000 631.00000000
16687.50000000 631.00000000
16750.00000000 631.00000000
16796.87500000 631.00000000
16953.12500000 631.00000000
17015.62500000 631.00000000
17062.50000000 631.00000000
