0.00000000 1391.00000000
1.00000000 1352.00000000
2.00000000 1299.00000000
3.00000000 1252.00000000
5.00000000 1124.00000000
6.00000000 1116.00000000
8.00000000 1084.00000000
9.00000000 1042.00000000
10.00000000 1004.00000000
11.00000000 999.00000000
12.00000000 976.00000000
25.00000000 969.00000000
27.00000000 951.00000000
29.00000000 940.00000000
32.00000000 915.00000000
34.00000000 877.00000000
38.00000000 865.00000000
50.00000000 859.00000000
52.00000000 843.00000000
56.00000000 830.00000000
73.00000000 824.00000000
87.00000000 777.00000000
95.00000000 748.00000000
100.00000000 725.00000000
102.00000000 696.00000000
117.00000000 690.00000000
163.00000000 679.00000000
172.00000000 667.00000000
191.00000000 631.00000000
