1.00000000 1042.00000000
2.00000000 1073.00000000
3.00000000 1084.00000000
4.00000000 1092.00000000
5.00000000 1092.00000000
6.00000000 1099.00000000
7.00000000 1102.00000000
8.00000000 1116.00000000
9.00000000 1116.00000000
10.00000000 1122.00000000
11.00000000 1124.00000000
12.00000000 1130.00000000
13.00000000 1136.00000000
14.00000000 1136.00000000
15.00000000 1137.00000000
16.00000000 1142.00000000
17.00000000 1149.00000000
18.00000000 1150.00000000
19.00000000 1156.00000000
20.00000000 1157.00000000
21.00000000 1161.00000000
22.00000000 1169.00000000
23.00000000 1173.00000000
24.00000000 1174.00000000
25.00000000 1174.00000000
26.00000000 1174.00000000
27.00000000 1177.00000000
28.00000000 1177.00000000
29.00000000 1177.00000000
30.00000000 1178.00000000
31.00000000 1179.00000000
32.00000000 1184.00000000
33.00000000 1185.00000000
34.00000000 1185.00000000
35.00000000 1186.00000000
36.00000000 1198.00000000
37.00000000 1199.00000000
38.00000000 1199.00000000
39.00000000 1199.00000000
40.00000000 1199.00000000
41.00000000 1199.00000000
42.00000000 1215.00000000
43.00000000 1218.00000000
44.00000000 1222.00000000
45.00000000 1223.00000000
46.00000000 1227.00000000
47.00000000 1234.00000000
48.00000000 1238.00000000
49.00000000 1243.00000000
50.00000000 1244.00000000
51.00000000 1245.00000000
52.00000000 1249.00000000
53.00000000 1250.00000000
54.00000000 1252.00000000
55.00000000 1254.00000000
56.00000000 1256.00000000
57.00000000 1256.00000000
58.00000000 1257.00000000
59.00000000 1260.00000000
60.00000000 1263.00000000
61.00000000 1264.00000000
62.00000000 1265.00000000
63.00000000 1265.00000000
64.00000000 1267.00000000
65.00000000 1272.00000000
66.00000000 1273.00000000
67.00000000 1276.00000000
68.00000000 1280.00000000
69.00000000 1293.00000000
70.00000000 1294.00000000
71.00000000 1297.00000000
72.00000000 1301.00000000
73.00000000 1302.00000000
74.00000000 1307.00000000
75.00000000 1319.00000000
76.00000000 1324.00000000
77.00000000 1324.00000000
78.00000000 1327.00000000
79.00000000 1328.00000000
80.00000000 1334.00000000
81.00000000 1341.00000000
82.00000000 1343.00000000
83.00000000 1344.00000000
84.00000000 1345.00000000
85.00000000 1345.00000000
86.00000000 1349.00000000
87.00000000 1350.00000000
88.00000000 1353.00000000
89.00000000 1377.00000000
90.00000000 1386.00000000
91.00000000 1391.00000000
92.00000000 1398.00000000
93.00000000 1400.00000000
94.00000000 1405.00000000
95.00000000 1405.00000000
96.00000000 1512.00000000
97.00000000 1537.00000000
98.00000000 1538.00000000
99.00000000 1544.00000000
100.00000000 1647.00000000
