1.00000000 1391.00000000
2.00000000 1442.00000000
3.00000000 1487.00000000
4.00000000 1495.00000000
5.00000000 1503.00000000
6.00000000 1526.00000000
7.00000000 1559.00000000
8.00000000 1561.00000000
9.00000000 1600.00000000
10.00000000 1613.00000000
11.00000000 1614.00000000
12.00000000 1619.00000000
13.00000000 1620.00000000
14.00000000 1629.00000000
15.00000000 1651.00000000
16.00000000 1657.00000000
17.00000000 1662.00000000
18.00000000 1665.00000000
19.00000000 1671.00000000
20.00000000 1690.00000000
21.00000000 1703.00000000
22.00000000 1709.00000000
23.00000000 1712.00000000
24.00000000 1722.00000000
25.00000000 1723.00000000
26.00000000 1726.00000000
27.00000000 1730.00000000
28.00000000 1730.00000000
29.00000000 1731.00000000
30.00000000 1732.00000000
31.00000000 1733.00000000
32.00000000 1735.00000000
33.00000000 1740.00000000
34.00000000 1752.00000000
35.00000000 1753.00000000
36.00000000 1754.00000000
37.00000000 1755.00000000
38.00000000 1760.00000000
39.00000000 1762.00000000
40.00000000 1766.00000000
41.00000000 1768.00000000
42.00000000 1768.00000000
43.00000000 1775.00000000
44.00000000 1775.00000000
45.00000000 1776.00000000
46.00000000 1780.00000000
47.00000000 1781.00000000
48.00000000 1792.00000000
49.00000000 1795.00000000
50.00000000 1798.00000000
51.00000000 1799.00000000
52.00000000 1803.00000000
53.00000000 1807.00000000
54.00000000 1808.00000000
55.00000000 1809.00000000
56.00000000 1810.00000000
57.00000000 1819.00000000
58.00000000 1820.00000000
59.00000000 1821.00000000
60.00000000 1829.00000000
61.00000000 1834.00000000
62.00000000 1838.00000000
63.00000000 1846.00000000
64.00000000 1848.00000000
65.00000000 1851.00000000
66.00000000 1855.00000000
67.00000000 1861.00000000
68.00000000 1866.00000000
69.00000000 1867.00000000
70.00000000 1869.00000000
71.00000000 1873.00000000
72.00000000 1873.00000000
73.00000000 1878.00000000
74.00000000 1879.00000000
75.00000000 1887.00000000
76.00000000 1890.00000000
77.00000000 1894.00000000
78.00000000 1902.00000000
79.00000000 1908.00000000
80.00000000 1908.00000000
81.00000000 1910.00000000
82.00000000 1917.00000000
83.00000000 1919.00000000
84.00000000 1926.00000000
85.00000000 1935.00000000
86.00000000 1938.00000000
87.00000000 1963.00000000
88.00000000 1984.00000000
89.00000000 1985.00000000
90.00000000 1990.00000000
91.00000000 2005.00000000
92.00000000 2016.00000000
93.00000000 2016.00000000
94.00000000 2024.00000000
95.00000000 2036.00000000
96.00000000 2052.00000000
97.00000000 2059.00000000
98.00000000 2082.00000000
99.00000000 2095.00000000
100.00000000 2180.00000000
