1.00000000 1256.00000000
2.00000000 1261.00000000
3.00000000 1261.00000000
4.00000000 1265.00000000
5.00000000 1265.00000000
6.00000000 1272.00000000
7.00000000 1275.00000000
8.00000000 1288.00000000
9.00000000 1291.00000000
10.00000000 1298.00000000
11.00000000 1303.00000000
12.00000000 1316.00000000
13.00000000 1320.00000000
14.00000000 1323.00000000
15.00000000 1323.00000000
16.00000000 1334.00000000
17.00000000 1341.00000000
18.00000000 1348.00000000
19.00000000 1348.00000000
20.00000000 1349.00000000
21.00000000 1356.00000000
22.00000000 1365.00000000
23.00000000 1366.00000000
24.00000000 1367.00000000
25.00000000 1372.00000000
26.00000000 1376.00000000
27.00000000 1377.00000000
28.00000000 1377.00000000
29.00000000 1378.00000000
30.00000000 1379.00000000
31.00000000 1383.00000000
32.00000000 1385.00000000
33.00000000 1391.00000000
34.00000000 1391.00000000
35.00000000 1394.00000000
36.00000000 1394.00000000
37.00000000 1399.00000000
38.00000000 1400.00000000
39.00000000 1403.00000000
40.00000000 1410.00000000
41.00000000 1410.00000000
42.00000000 1411.00000000
43.00000000 1412.00000000
44.00000000 1413.00000000
45.00000000 1424.00000000
46.00000000 1424.00000000
47.00000000 1428.00000000
48.00000000 1435.00000000
49.00000000 1441.00000000
50.00000000 1441.00000000
51.00000000 1441.00000000
52.00000000 1443.00000000
53.00000000 1446.00000000
54.00000000 1447.00000000
55.00000000 1452.00000000
56.00000000 1454.00000000
57.00000000 1455.00000000
58.00000000 1458.00000000
59.00000000 1461.00000000
60.00000000 1468.00000000
61.00000000 1472.00000000
62.00000000 1474.00000000
63.00000000 1483.00000000
64.00000000 1485.00000000
65.00000000 1487.00000000
66.00000000 1489.00000000
67.00000000 1489.00000000
68.00000000 1492.00000000
69.00000000 1496.00000000
70.00000000 1501.00000000
71.00000000 1502.00000000
72.00000000 1503.00000000
73.00000000 1508.00000000
74.00000000 1511.00000000
75.00000000 1512.00000000
76.00000000 1516.00000000
77.00000000 1520.00000000
78.00000000 1528.00000000
79.00000000 1533.00000000
80.00000000 1545.00000000
81.00000000 1546.00000000
82.00000000 1552.00000000
83.00000000 1555.00000000
84.00000000 1561.00000000
85.00000000 1570.00000000
86.00000000 1575.00000000
87.00000000 1579.00000000
88.00000000 1581.00000000
89.00000000 1584.00000000
90.00000000 1586.00000000
91.00000000 1586.00000000
92.00000000 1589.00000000
93.00000000 1592.00000000
94.00000000 1600.00000000
95.00000000 1632.00000000
96.00000000 1641.00000000
97.00000000 1644.00000000
98.00000000 1674.00000000
99.00000000 1691.00000000
100.00000000 1726.00000000
