97 28 58 25 60 17 75 50 58 37 25 20 15 89 28 59 20 49 92 55 56 76 58 66 74 44 19 32 24 46 58
71 27 86 19 67 40 12 32 83 67 61 70 63 71 24 85 90 53 69 46 43 63 22 49 64 83 61 76 54 16 92
98 74 79 44 14 83 15 12 56 20 36 63 24 48 78 46 47 21 50 27 22 58 35 36 15 30 35 11 40 96 45
35 53 52 78 96 25 28 58 39 46 37 51 48 76 39 79 40 22 78 41 64 75 82 84 17 84 93 72 86 60 95
15 78 39 58 59 13 42 87 67 33 43 62 72 15 16 91 45 41 99 29 44 56 97 85 88 41 80 63 46 54 81
31 86 62 73 12 36 17 45 75 76 24 34 20 51 74 35 59 67 79 62 23 74 20 60 93 64 30 53 36 80 89
93 12 92 62 71 21 29 13 42 74 92 36 74 11 35 75 78 43 23 52 94 35 70 65 82 80 80 87 73 23 41
87 43 53 79 86 28 16 36 19 70 70 43 10 14 67 21 83 85 84 73 58 55 25 87 19 57 85 37 48 72 71
30 67 66 78 77 15 22 98 74 26 56 66 24 96 40 86 25 39 90 44 46 86 32 30 20 30 30 37 25 87 31
95 58 12 80 21 22 56 49 58 45 85 39 29 94 78 53 80 75 91 32 63 28 52 80 20 59 28 71 47 87 30
37 65 32 71 65 98 98 48 49 99 59 68 27 66 90 96 51 60 23 54 36 61 95 96 18 39 22 19 43 10 15
93 89 64 16 99 29 54 21 87 95 56 35 76 38 62 83 17 28 48 48 36 57 25 32 23 75 98 99 29 86 67
67 95 64 43 45 62 98 89 84 86 33 95 76 89 36 38 37 78 47 89 77 52 70 27 93 95 87 72 97 62 97
76 70 94 28 67 90 35 32 10 39 53 88 28 72 16 28 90 11 83 66 38 43 42 20 43 49 18 93 34 79 84
94 20 85 29 98 68 18 29 81 49 83 62 64 14 90 35 77 12 82 29 85 48 27 24 97 26 20 87 68 14 25
58 22 21 82 25 37 97 29 84 29 75 15 57 93 38 20 62 69 21 35 67 58 69 17 22 87 19 46 27 57 64
27 52 52 94 92 21 51 42 56 36 98 35 60 77 89 34 14 54 12 90 58 62 79 30 79 40 24 31 42 93 45
68 29 98 88 49 85 51 34 79 37 90 51 27 30 23 37 87 77 37 77 95 94 48 54 36 57 62 23 17 45 20
69 58 55 88 39 81 74 90 79 47 68 60 28 77 55 14 88 56 67 81 81 78 43 87 73 15 15 99 24 77 42
95 94 65 82 60 62 19 63 24 67 23 29 72 44 52 54 41 86 61 46 10 41 99 30 48 71 13 18 68 20 12
68 58 56 45 98 46 47 66 83 42 52 47 35 86 60 54 25 73 55 44 28 25 54 20 62 59 84 87 86 16 51
37 67 68 28 79 66 49 37 47 52 42 52 95 25 52 73 17 85 69 23 53 60 69 50 57 76 75 52 82 24 18
86 11 44 70 83 85 76 34 39 55 83 83 72 24 72 88 69 65 23 55 56 52 38 53 29 74 69 32 97 45 50
83 20 13 30 79 58 19 93 46 64 26 11 54 95 69 81 59 68 41 32 31 22 98 59 33 46 75 81 86 76 66
78 49 33 99 20 36 64 57 67 41 68 88 68 48 59 17 43 32 42 36 10 62 72 89 68 47 21 93 60 65 86
13 23 41 17 11 72 84 33 60 81 92 69 29 65 69 21 27 28 79 69 28 73 40 11 89 73 47 16 42 57 70
34 60 50 52 84 58 97 67 59 22 65 84 90 76 39 26 76 73 12 23 69 44 80 48 97 57 12 42 83 13 89
65 50 44 38 69 67 47 71 99 31 38 10 64 14 46 52 99 63 85 72 31 81 12 62 56 21 74 25 13 82 97
77 93 44 30 20 77 16 75 64 61 99 66 80 36 51 98 47 54 82 94 38 31 38 28 51 53 87 22 49 37 72
66 11 93 32 88 53 35 86 28 80 16 53 40 53 12 20 95 46 76 94 90 96 50 87 65 68 23 91 64 38 77
17 72 20 48 98 20 17 27 49 43 58 68 76 44 91 91 42 23 91 65 90 81 65 56 67 97 57 67 73 66 55
